Date_Timestamp,label,ensemble,linreg_0,lstm_1,lstm_2,buy,sell,hold
2018-01-08,1,-0.05635894523444116,-0.04158888198391791,-0.06832592,-0.060373038,0,1,0
2018-01-09,2,-0.04070607884748309,-0.026482164122609876,-0.047077306,-0.05057743,0,1,0
2018-01-10,0,0.03463763835521733,0.017654773944210066,0.05335765,0.03414532,1,0,0
2018-01-11,0,0.07871192995975793,0.05394304239699497,0.10169145,0.08161837,1,0,0
2018-01-12,2,0.1371386380985825,0.09040492263553578,0.17905599,0.14077054,1,0,0
2018-01-14,0,-0.015436475637260656,-0.00409390409967286,-0.026779808,-0.014540131,0,0,1
2018-01-15,2,0.05016359788286131,0.040517698980513724,0.05998658,0.04921203,1,0,0
2018-01-16,1,-0.009479699405964664,0.002227750719009373,-0.02138989,-0.0083668595,0,0,1
2018-01-17,0,-0.07279869558723823,-0.049238069826045755,-0.09426788,-0.07436344,0,1,0
2018-01-18,2,0.0342199967344493,0.029584530499542763,0.041363575,0.031264905,1,0,0
2018-01-19,0,-0.004316253801057562,-0.010611109803344147,0.0025284484,-0.005149667,0,0,1
2018-01-21,2,0.022037208503166445,0.022468601816510603,0.0229519,0.020488879,1,0,0
2018-01-22,0,0.007272766319251001,0.00010536587641067315,0.0139868995,0.0074621276,0,0,1
2018-01-23,0,0.037849509692857254,0.027648183576999417,0.046530537,0.038963426,1,0,0
2018-01-24,2,0.07140359607150872,0.04263047057744689,0.09259994,0.077401176,1,0,0
2018-01-25,2,0.004832480061101153,-0.00047604970665158304,0.0067256507,0.008199836,0,0,1
2018-01-26,2,0.018135413119990302,0.018224292591015972,0.014419755,0.022471553,0,0,1
2018-01-28,1,-0.014341949209944112,0.0014171701890882064,-0.028617863,-0.014228115,0,0,1
2018-01-29,2,-0.06468979369850196,-0.024909494493472354,-0.09657616,-0.071363874,0,1,0
2018-01-30,2,0.02353101687947075,0.013723477223666972,0.035868034,0.02028786,1,0,0
2018-01-31,0,-0.007264024748362241,0.0041618296458992505,-0.0133022545,-0.013087244,0,0,1
2018-02-01,1,0.06488705377317353,0.04514875931557409,0.08289233,0.06595277,1,0,0
2018-02-02,2,-0.020625990249953433,-0.026063958425924422,-0.019566946,-0.015874008,0,1,0
2018-02-04,1,-0.017046667589722436,-0.004700261446165955,-0.025698531,-0.02056823,0,0,1
2018-02-05,2,-0.05206005368407757,-0.03942131149678972,-0.062098823,-0.054573044,0,1,0
2018-02-06,1,0.004122333523007176,0.006920267332212842,0.0059437193,-0.0011774674,0,0,1
2018-02-07,2,-0.0791858000835472,-0.0568990220418556,-0.09659645,-0.08476058,0,1,0
2018-02-08,2,-0.012352136795777442,-0.004948234069586843,-0.010165568,-0.023662452,0,0,1
2018-02-09,2,-0.017378548930532926,-0.005081871135591449,-0.02343495,-0.025136907,0,0,1
2018-02-11,0,0.007790620591393073,0.0006904036469148877,0.016623085,0.0060225204,0,0,1
2018-02-12,0,0.03585393365564628,0.025556016096016064,0.043967675,0.038631447,1,0,0
2018-02-13,0,0.040175538779695104,0.027452706664315794,0.051131938,0.04219522,1,0,0
2018-02-14,2,0.08635216414477731,0.05658596908983942,0.10428066,0.09914312,1,0,0
2018-02-15,1,0.0157072988906784,0.016471728958428942,0.013903315,0.017018238,0,0,1
2018-02-16,2,-0.06703056493563575,-0.04772737800358085,-0.07560146,-0.07885529,0,1,0
2018-02-18,2,-0.007514058455488931,0.0037798722323729903,-0.018032212,-0.008120277,0,0,1
2018-02-19,1,0.0020642463339835848,-0.005678620078343135,0.009197721,0.0026037146,0,0,1
2018-02-20,1,-0.040898044495571745,-0.03274798427611977,-0.04817414,-0.04174756,0,1,0
2018-02-21,0,-0.02416407809179823,-0.02856320036545883,-0.020564882,-0.023294069,0,1,0
2018-02-22,2,0.031203130811755977,0.02360644289118017,0.03776618,0.03219457,1,0,0
2018-02-23,2,-0.0028089389711100084,-0.016594994131994983,0.007800356,0.00026711234,0,0,1
2018-02-25,2,-0.0027427532134999995,-0.0028423994791010425,-0.0026299339,-0.0027657812,0,0,1
2018-02-26,1,0.02050689327792894,0.01388742804790335,0.024634901,0.023030536,1,0,0
2018-02-27,2,-0.06443931925280819,-0.047259460461943,-0.07753318,-0.06827155,0,1,0
2018-02-28,0,-0.032904528871469975,-0.01886664917841517,-0.0471356,-0.032242455,0,1,0
2018-03-01,0,0.050648396090339554,0.04312796150818442,0.058802903,0.04971657,1,0,0
2018-03-02,2,0.018925641814302098,0.024977571294646023,0.010598444,0.021783844,0,0,1
2018-03-04,2,-0.0003529488072390812,-0.00048113306310748974,-0.004411759,0.00458772,0,0,1
2018-03-05,0,0.02580844058494114,0.009742132646973187,0.044581246,0.022090327,1,0,0
2018-03-06,2,0.049697622578951224,0.039700441304725484,0.058879897,0.05005124,1,0,0
2018-03-07,1,-0.002155570175589869,-0.00165062348863073,-0.0018847453,-0.003059234,0,0,1
2018-03-08,2,-0.06281058167135053,-0.053510682402302494,-0.069195844,-0.06573801,0,1,0
2018-03-09,2,0.0064169233133767435,-0.0013742021455474874,0.012606456,0.007859851,0,0,1
2018-03-11,2,-0.0071915165637368526,0.0022244944948575283,-0.013490971,-0.01037935,0,0,1
2018-03-12,0,0.025191079850598246,0.015469202196001751,0.03165235,0.028531775,1,0,0
2018-03-13,2,0.03645880056994889,0.02745912720109206,0.041421447,0.040640894,1,0,0
2018-03-14,1,-0.021659392830833606,-0.009103859097051971,-0.0290103,-0.027013276,0,1,0
2018-03-15,2,-0.03561006265294042,-0.03510960315722768,-0.03597575,-0.035740986,0,1,0
2018-03-16,2,-0.009330245869515917,-0.009088831094270592,-0.011967338,-0.006415398,0,0,1
2018-03-18,0,-0.022692214369357873,-0.00431632500717319,-0.034715883,-0.029539231,0,1,0
2018-03-19,1,0.03270043326820956,0.029045133297316478,0.03611964,0.032875042,1,0,0
2018-03-20,0,-0.06542786417811855,-0.046336892141670805,-0.07989949,-0.07069528,0,1,0
2018-03-21,2,0.07290067443541637,0.051387604255157315,0.09097689,0.07664855,1,0,0
2018-03-22,2,-0.02724015616014726,-0.011467740779946422,-0.0405714,-0.029800242,0,1,0
2018-03-23,2,0.023309382012713008,0.014533118719979138,0.030224504,0.025402825,1,0,0
2018-03-25,0,0.02060910302045987,0.000962522752286034,0.035048027,0.026011396,1,0,0
2018-03-26,1,0.0687240059025492,0.051062484145359,0.07612991,0.07975121,1,0,0
2018-03-27,1,-0.033890209281668346,-0.023724760068083176,-0.03731201,-0.04119157,0,1,0
2018-03-28,2,-0.07397527204793582,-0.048742518423315395,-0.08964182,-0.08417834,0,1,0
2018-03-29,2,-0.013717139424820512,-0.005535898521518253,-0.02158288,-0.0139213335,0,0,1
2018-03-30,2,0.01956128813405124,0.009493251029268013,0.027593479,0.02178151,0,0,1
2018-04-01,2,0.009211763533012556,-0.0038684563418137155,0.01894101,0.012653542,0,0,1
2018-04-02,2,-0.008751601002811957,-0.010109216503921471,-0.0082039265,-0.007852009,0,0,1
2018-04-03,2,-0.009312721631870394,-0.007901821609918924,-0.010514387,-0.009480632,0,0,1
2018-04-04,1,-0.0023693350605239437,0.004813926985409363,-0.008231811,-0.00359549,0,0,1
2018-04-05,2,-0.011591835875940234,-0.02057914393402074,-0.005191307,-0.0089413915,0,0,1
2018-04-06,2,0.005699233770489575,0.016373650317800414,-0.0031002488,0.0039761784,0,0,1
2018-04-08,0,-0.0003717867850296673,-0.004380571610784272,0.0025318968,0.0007852808,0,0,1
2018-04-09,0,0.031214046753390862,0.02604997585559616,0.03567238,0.031792898,1,0,0
2018-04-10,2,0.029849436215131506,0.021547345902482477,0.03629382,0.03154401,1,0,0
2018-04-11,1,-0.008029077776890242,0.00466728181618057,-0.020460237,-0.0075761243,0,0,1
2018-04-12,2,-0.020110886068479827,-0.02157904202177635,-0.019484283,-0.019171087,0,1,0
2018-04-13,2,0.01361659522278682,-0.0006869806543092461,0.026799617,0.014044616,0,0,1
2018-04-15,0,0.0016004927534740236,0.001722967285257401,0.0022696706,0.00064828835,0,0,1
2018-04-16,2,0.029158270425218905,0.02639827911655056,0.03094111,0.030115316,1,0,0
2018-04-17,2,-0.009929547840116059,-0.005710130904593388,-0.012599292,-0.011465885,0,0,1
2018-04-18,2,0.004471785968158358,0.003026790643570744,0.005289844,0.0051184804,0,0,1
2018-04-19,1,-0.02584829633550295,-0.018023822735399073,-0.030184727,-0.029506817,0,1,0
2018-04-20,2,-0.04630037615737917,-0.030330027600245706,-0.057320777,-0.051473644,0,1,0
2018-04-22,1,-0.0015692657090294482,-0.005773035945618355,0.0008794969,0.0003849719,0,0,1
2018-04-23,2,-0.056916393616919116,-0.034780469850893496,-0.0736181,-0.06299419,0,1,0
2018-04-24,1,0.024571907891185057,0.015251385918406605,0.031727534,0.027098998,1,0,0
2018-04-25,1,-0.06020138851725855,-0.036643438819727064,-0.081402086,-0.06323392,0,1,0
2018-04-26,2,-0.05531523927530645,-0.035637790268649626,-0.07242656,-0.059477106,0,1,0
2018-04-27,2,0.021600307125836254,0.012161377649692868,0.027029848,0.026947694,1,0,0
2018-04-29,1,0.00720178243524538,-0.0037060750298409865,0.0152503885,0.01109667,0,0,1
2018-04-30,1,-0.02802370763640745,-0.023922460424073335,-0.035392396,-0.02441263,0,1,0
2018-05-01,1,-0.07613345655799283,-0.05483749759773218,-0.09278352,-0.08309819,0,1,0
2018-05-02,0,-0.036858357559086945,-0.025560552994933337,-0.057591792,-0.027531411,0,1,0
2018-05-03,1,0.048414664742712485,0.024200140179291427,0.060498953,0.06460182,1,0,0
2018-05-04,2,-0.024586176422841194,-0.02113443365051692,-0.036113918,-0.016071932,0,1,0
2018-05-06,2,0.010828183664728609,-0.0002672041714598981,0.020073013,0.0138925,0,0,1
2018-05-07,1,-0.007156359684881436,-0.013715354432876602,0.0006721145,-0.008058386,0,0,1
2018-05-08,2,-0.06073068355474057,-0.04359181091536333,-0.07839316,-0.06164012,0,1,0
2018-05-09,0,-0.0061812056031620415,-0.01387008070915598,0.002891053,-0.0069431937,0,0,1
2018-05-10,2,0.06010177099149717,0.04486435630441015,0.0748608,0.061698332,1,0,0
2018-05-11,2,0.039974133831272705,0.016734491082483725,0.061683763,0.042327322,1,0,0
2018-05-13,2,0.026194875784340137,0.008243527838056233,0.040147558,0.030450827,1,0,0
2018-05-14,1,-0.02659258780055621,-0.01384059140712041,-0.035989963,-0.03013712,0,1,0
2018-05-15,2,-0.11116989095753373,-0.07429751935504847,-0.13798521,-0.123505905,0,1,0
2018-05-16,2,0.004319631429793979,-0.00398920117527641,0.013601132,0.0036756117,0,0,1
2018-05-17,2,-0.0019429659470825372,-0.017378037301261435,0.014581661,-0.0027895102,0,0,1
2018-05-18,2,-0.012241419622236583,-0.015151126594582223,-0.007234573,-0.014652928,0,0,1
2018-05-20,2,-0.015224062198783698,-0.0027511446017303037,-0.02553,-0.017863693,0,0,1
2018-05-21,2,0.03637182562085829,0.017816599991648016,0.04981003,0.042382512,1,0,0
2018-05-22,1,-0.003714392122933296,-0.0015133658327393161,-0.0043216613,-0.0055362964,0,0,1
2018-05-23,2,-0.08573090524706405,-0.05780848563383723,-0.09796723,-0.10436054,0,1,0
2018-05-24,1,0.035618530105634795,0.009629871682580842,0.05633839,0.04207533,1,0,0
2018-05-25,0,-0.08442300288944578,-0.05708893395090764,-0.094708115,-0.10483285,0,1,0
2018-05-27,1,0.030089946705949833,0.031691075894485735,0.020147437,0.039906237,1,0,0
2018-05-28,1,-0.08429308702167418,-0.04901626937017793,-0.110047296,-0.09814783,0,1,0
2018-05-29,0,-0.12236906555055194,-0.07412436374052654,-0.16023144,-0.14252013,0,1,0
2018-05-30,0,0.1779093149615105,0.10475151630012927,0.23155232,0.21090765,1,0,0
2018-05-31,1,0.06480680786399153,0.021319650812013573,0.10295656,0.07182889,1,0,0
2018-06-01,2,-0.043059499555748,-0.026262726608214933,-0.04885669,-0.055974364,0,1,0
2018-06-03,0,0.014680567420595743,0.006854804449485609,0.023567785,0.01327486,0,0,1
2018-06-04,0,0.03730071469599186,0.025239173708104023,0.050064053,0.035953827,1,0,0
2018-06-05,0,0.021259304607824357,0.01961603969194337,0.02580707,0.01755603,1,0,0
2018-06-06,2,0.04380954425496534,0.04033062258617277,0.045935355,0.045265995,1,0,0
2018-06-07,1,0.0029627579558019535,0.00836693790476049,0.0039583677,-0.004691143,0,0,1
2018-06-08,2,-0.01666945432655013,-0.019089995195048226,-0.0048567383,-0.028810594,0,0,1
2018-06-10,2,0.005865480711662285,0.012822232029843677,-0.0038088884,0.009854713,0,0,1
2018-06-11,2,-0.0023923849806681417,-0.00869996825212974,0.0011144625,0.0007350127,0,0,1
2018-06-12,0,-0.05014761876189907,-0.01827909552955941,-0.08249543,-0.04843149,0,1,0
2018-06-13,1,0.06887330005010861,0.04005916325797784,0.08706571,0.08127157,1,0,0
2018-06-14,0,-0.26425398803604927,-0.1856858017430783,-0.32366642,-0.29004043,0,1,0
2018-06-15,2,0.014328476057876642,0.03559834611636073,-0.016599638,0.02245197,0,0,1
2018-06-17,0,-0.019818846909303398,-0.010604058005379082,-0.031563394,-0.018722547,0,0,1
2018-06-18,1,0.062241965589655085,0.030093044721920995,0.10621668,0.05364975,1,0,0
2018-06-19,2,-0.050851967384501304,-0.034106561868300585,-0.070337236,-0.049908865,0,1,0
2018-06-20,0,-0.01559639876413935,-0.008985491575878897,-0.024959486,-0.013510546,0,0,1
2018-06-21,0,0.0339005871472816,0.022480595198388586,0.050375253,0.029838124,1,0,0
2018-06-22,2,0.05489741841453758,0.041725324007016916,0.070447534,0.053741828,1,0,0
2018-06-24,0,0.008932570746085519,0.0031141643401623527,0.016816989,0.0070244735,0,0,1
2018-06-25,1,0.06062901976308518,0.03165437184056946,0.09368167,0.05714248,1,0,0
2018-06-26,1,-0.06032928012579762,-0.040024458871043084,-0.078603014,-0.06366426,0,1,0
2018-06-27,2,-0.09423802073345881,-0.07083128048858409,-0.114152886,-0.10069064,0,1,0
2018-06-28,0,0.018110134014463427,0.0004946907121208485,0.03826884,0.016649818,0,0,1
2018-06-29,2,0.139315542122957,0.0981667196976015,0.15891758,0.16747719,1,0,0
2018-07-01,1,0.05670906484849177,-0.004763694477579366,0.11798138,0.051897895,1,0,0
2018-07-02,2,-0.06515610764791369,-0.029195732844869076,-0.08186793,-0.086113915,0,1,0
2018-07-03,2,0.014861373452251454,0.013715327988752022,0.018042138,0.012031249,0,0,1
2018-07-04,0,-0.016423803992432696,0.0008915541453197216,-0.03455181,-0.013972468,0,0,1
2018-07-05,0,0.03956806004804229,0.024527550666834864,0.046414237,0.049248006,1,0,0
2018-07-06,2,0.05276177395809368,0.03945063073252863,0.0529506,0.06858164,1,0,0
2018-07-08,2,-0.009737998357158495,0.005295071538391461,-0.029235022,-0.0029131842,0,0,1
2018-07-09,1,-0.018373457552313077,0.003097555033923491,-0.042352606,-0.014688373,0,0,1
2018-07-10,1,-0.03974507553283448,-0.02078186028391782,-0.057609975,-0.041514043,0,1,0
2018-07-11,2,-0.0791734641072769,-0.040349614922896355,-0.11651019,-0.084527045,0,1,0
2018-07-12,2,0.0011098318534760322,-0.008667437880817657,0.014649564,-0.0020722747,0,0,1
2018-07-13,2,0.04740969392014287,0.01589551971377191,0.07737591,0.05157777,1,0,0
2018-07-15,0,-0.013563113601999868,-0.004675907502205652,-0.024447812,-0.011577129,0,0,1
2018-07-16,1,-0.0026600076718910643,0.023490377106564115,-0.038518716,0.006177261,0,0,1
2018-07-17,2,-0.06100560896147974,-0.04325215361770947,-0.07097929,-0.072620295,0,1,0
2018-07-18,2,0.00907128279453382,-0.00637368024836928,0.031095393,0.0036993658,0,0,1
2018-07-19,0,0.012223861720651846,0.007563998297206669,0.018756293,0.010557632,0,0,1
2018-07-20,2,0.08132717235143995,0.05019026537940052,0.108045176,0.08896945,1,0,0
2018-07-22,1,0.016330374681315735,0.015428045919099563,0.014694204,0.019434862,0,0,1
2018-07-23,2,-0.06853957731575143,-0.035250400781358535,-0.09729028,-0.07656241,0,1,0
2018-07-24,0,-0.006118163931214246,-0.006792774808040056,-0.0016386218,-0.01055595,0,0,1
2018-07-25,1,0.064210341356878,0.04034431982874722,0.08311253,0.072171435,1,0,0
2018-07-26,2,-0.09967890230884889,-0.07225969507181662,-0.11838134,-0.112529196,0,1,0
2018-07-27,2,0.03416028003448375,0.009679500812450986,0.064664744,0.028825311,1,0,0
2018-07-29,0,0.008156275261389217,0.002524458284488521,0.014479563,0.007521051,0,0,1
2018-07-30,2,0.04908887888201048,0.03702942546353731,0.054162335,0.05806809,1,0,0
2018-07-31,1,-0.02272472713341817,-0.01382525638607363,-0.030195724,-0.024686601,0,1,0
2018-08-01,1,-0.04017362769117284,-0.020092238365877802,-0.059216898,-0.04257338,0,1,0
2018-08-02,2,-0.07441206928489062,-0.06313956991941046,-0.083507806,-0.078113355,0,1,0
2018-08-03,2,-0.016027893511678694,-0.015119563015671304,-0.017380198,-0.015588758,0,0,1
2018-08-05,2,-0.0034990625605929157,-0.004630572444617865,-6.920339e-05,-0.0061662975,0,0,1
2018-08-06,0,-0.01714025834452942,-0.0030111366720735116,-0.03335351,-0.016369134,0,0,1
2018-08-07,2,0.05926745726163485,0.0377665635884916,0.08792191,0.05295037,1,0,0
2018-08-08,1,0.026503635955736914,0.005193942874462271,0.05220864,0.022037737,1,0,0
2018-08-09,1,-0.09768949992028346,-0.07220571098642137,-0.12077938,-0.102022365,0,1,0
2018-08-10,2,-0.17553092939720144,-0.1065288226434935,-0.25273553,-0.17786062,0,1,0
2018-08-12,2,0.021521990515119317,-0.01413486343352155,0.07623861,0.0062665874,1,0,0
2018-08-13,1,0.006616375731444116,0.0057892947511118216,0.009636433,0.0040033683,0,0,1
2018-08-14,2,-0.0861987225770385,-0.05447501447825629,-0.11060158,-0.10147301,0,1,0
2018-08-15,0,-0.020357950361889542,-0.005130078085906263,-0.042582523,-0.01570367,0,1,0
2018-08-16,0,0.06377541197686462,0.03120570038017272,0.09697006,0.07072236,1,0,0
2018-08-17,2,0.1170208263390655,0.06495846015533158,0.159314,0.13593274,1,0,0
2018-08-19,0,0.027724872357238483,-0.00013516966333341885,0.057501346,0.025997806,1,0,0
2018-08-20,0,0.0787290696445028,0.050026658765156266,0.0959782,0.09262244,1,0,0
2018-08-21,2,0.09997089353531151,0.07324625818243054,0.11556923,0.1120858,1,0,0
2018-08-22,1,-0.0009518918570524061,0.00812057973489932,0.00017641419,-0.013452488,0,0,1
2018-08-23,0,-0.07700106164978525,-0.037275130464357785,-0.104447946,-0.09050569,0,1,0
2018-08-24,0,0.08604922073710068,0.06577418954394147,0.10059258,0.09262569,1,0,0
2018-08-26,0,0.04075176194392077,0.019649737886389105,0.05857234,0.04309069,1,0,0
2018-08-27,2,0.06738140549505463,0.03036569715499288,0.08931806,0.081959225,1,0,0
2018-08-28,2,0.0029208801946567003,0.00697987811201585,-0.0064916457,0.010899414,0,0,1
2018-08-29,1,0.003097698550168975,0.012162954340019114,-0.011078704,0.011314396,0,0,1
2018-08-30,1,-0.04597932736443203,-0.03386145970379478,-0.056479536,-0.046497867,0,1,0
2018-08-31,2,-0.09025008995598566,-0.05285371747236701,-0.11752966,-0.100341335,0,1,0
2018-09-02,2,-0.01984968382735568,-0.0014593592053938553,-0.042203687,-0.014646758,0,0,1
2018-09-03,1,-0.006918719554531755,0.012933565999757325,-0.033605102,0.0005716835,0,0,1
2018-09-04,0,-0.03644606910197156,-0.022037229233234916,-0.048329957,-0.04071082,0,1,0
2018-09-05,2,0.04261403871166724,0.038676943047381535,0.038297754,0.052756567,1,0,0
2018-09-06,1,-0.040135822117900434,-0.01174363585171273,-0.06978373,-0.042605598,0,1,0
2018-09-07,2,-0.07763619118207156,-0.05651442558483986,-0.102768056,-0.07738833,0,1,0
2018-09-09,0,0.03430355076127278,0.007519396092877727,0.07574429,0.022666072,1,0,0
2018-09-10,2,0.026021856535355586,0.027642116997789762,0.024643742,0.025493123,1,0,0
2018-09-11,0,0.0057641990051819645,0.0017297821255319308,0.01373154,0.0017208543,0,0,1
2018-09-12,0,0.03454279991881523,0.024421978953477565,0.047663353,0.032222502,1,0,0
2018-09-13,1,0.0792900775920652,0.051794265547253415,0.105890214,0.0824743,1,0,0
2018-09-14,2,-0.08098367154268046,-0.053842242446131054,-0.10630857,-0.085238636,0,1,0
2018-09-16,0,0.021965418866351137,0.0006098328478239658,0.050405066,0.014920309,1,0,0
2018-09-17,2,0.07447793769756592,0.03583380271112789,0.11374977,0.0735451,1,0,0
2018-09-18,2,0.009150908462426194,0.00698559654852562,0.009000091,0.012042556,0,0,1
2018-09-19,0,-0.011073477623069948,-0.0027286782298642474,-0.019415852,-0.010702638,0,0,1
2018-09-20,1,0.1195646852084172,0.0758897041328291,0.14409341,0.14089574,1,0,0
2018-09-21,2,-0.048851296978182385,-0.020548804239990812,-0.07270105,-0.052124478,0,1,0
2018-09-23,2,0.00055221492275571,0.000845655479231317,-0.0023064967,0.0037993642,0,0,1
2018-09-24,2,0.015457834916350473,0.002723971247883868,0.022465607,0.021876218,0,0,1
2018-09-25,2,-0.0011119399880462953,0.0075948715517947666,-0.014623715,0.005380079,0,0,1
2018-09-26,1,-0.03457736141695689,-0.011673948945254123,-0.058441613,-0.03302097,0,1,0
2018-09-27,1,-0.13824470149386606,-0.08510589763783633,-0.17826979,-0.1574713,0,1,0
2018-09-28,2,-0.046831695048311285,-0.027659090498494455,-0.069206506,-0.04603378,0,1,0
2018-09-30,1,-0.006209164785496664,0.0027909234404095433,-0.016790494,-0.006112983,0,0,1
2018-10-01,1,-0.005046918005265526,-0.023456831442531682,0.02372251,-0.013843913,0,0,1
2018-10-02,1,-0.02795302954174588,-0.022574797437441348,-0.034919303,-0.026910894,0,1,0
2018-10-03,0,-0.10755630633754547,-0.0655729410090596,-0.15940538,-0.10550268,0,1,0
2018-10-04,2,0.06969041921962572,0.036942420427933415,0.11603151,0.06169127,1,0,0
2018-10-05,2,0.01347285545048546,0.00016290588694118716,0.03528442,0.0054867864,0,0,1
2018-10-07,1,-0.012714446132054644,0.00573511089197965,-0.03152083,-0.015280954,0,0,1
2018-10-08,2,-0.018329089775537728,-0.026382122745047754,-0.0016144426,-0.027368817,0,0,1
2018-10-09,0,0.023255159826267694,0.009516785250058737,0.034832414,0.027820049,1,0,0
2018-10-10,0,0.04493070592726739,0.02515325006592089,0.059021503,0.053920757,1,0,0
2018-10-11,1,0.07844294738862846,0.048576966032735654,0.09490936,0.09641022,1,0,0
2018-10-12,2,-0.03470322821267979,-0.027680548447640375,-0.036925763,-0.040802956,0,1,0
2018-10-14,0,0.028534015504541196,-0.005763149887208774,0.06362531,0.027102944,1,0,0
2018-10-15,2,0.043312056176786705,0.027388395336348334,0.059268028,0.042057842,1,0,0
2018-10-16,1,-0.02070897152934632,-0.005605819772109994,-0.025138985,-0.033414092,0,1,0
2018-10-17,1,-0.09238611977131986,-0.06526472220732678,-0.10537194,-0.109725766,0,1,0
2018-10-18,0,-0.05327616122730145,-0.04328039168375384,-0.058415513,-0.059573766,0,1,0
2018-10-19,2,0.0978117019483179,0.05493315017089148,0.13918,0.097361855,1,0,0
2018-10-21,1,-0.021795064669513933,-0.0033247307485139398,-0.041576114,-0.018376987,0,1,0
2018-10-22,2,-0.05977147171338204,-0.04171562315950371,-0.07781346,-0.059082836,0,1,0
2018-10-23,1,0.0051412412076033386,0.005547803845483572,0.004234871,0.005807787,0,0,1
2018-10-24,1,-0.09166382478812407,-0.06855447412208052,-0.10949797,-0.098901495,0,1,0
2018-10-25,0,-0.038234308711437924,-0.023484940167336887,-0.05145231,-0.041098163,0,1,0
2018-10-26,2,0.03049009731580401,0.026759144390151104,0.031726148,0.033990815,1,0,0
2018-10-28,1,-0.02535649855608593,-0.004023740611614909,-0.05016873,-0.023089038,0,1,0
2018-10-29,1,-0.016057058126204428,-0.02246745339239183,-0.0036212725,-0.022930155,0,0,1
2018-10-30,1,-0.03772619477825211,-0.030950581358722282,-0.038137205,-0.046677962,0,1,0
2018-10-31,0,-0.061160293942770026,-0.03255427036054229,-0.08048757,-0.07749685,0,1,0
2018-11-01,2,0.15269578826626892,0.0908733735228968,0.19987966,0.17858008,1,0,0
2018-11-02,2,0.006525397615530239,-0.016561660988742396,0.033269245,0.0017018134,0,0,1
2018-11-04,2,0.035100326558919995,0.011508789179840512,0.054267686,0.039753422,1,0,0
2018-11-05,0,-0.009333180312675372,0.010523520262260524,-0.030053703,-0.006958439,0,0,1
2018-11-06,2,0.0484986805450755,0.031489108767974464,0.057315286,0.05866543,1,0,0
2018-11-07,1,-0.0011267107902777115,-0.008156474841155854,0.009434165,-0.00646225,0,0,1
2018-11-08,1,-0.09923555937065227,-0.06378834239279776,-0.120427825,-0.116765715,0,1,0
2018-11-09,2,-0.021826091638075924,-0.034958125196639496,-0.0024842457,-0.03089783,0,1,0
2018-11-11,1,-0.006537017449614783,-0.011148219615130055,-0.00029359598,-0.00914649,0,0,1
2018-11-12,0,-0.1805686783675343,-0.11308620122008746,-0.23162545,-0.20384157,0,1,0
2018-11-13,2,0.15034389114751595,0.09933996162459263,0.1898541,0.16760644,1,0,0
2018-11-14,2,0.010550452100276084,0.0012699845597557357,0.016810777,0.014349604,0,0,1
2018-11-15,0,0.026078455761403073,0.013050752981415009,0.036886726,0.028238036,1,0,0
2018-11-16,2,0.1356211647196649,0.09566809505214265,0.16199061,0.14961721,1,0,0
2018-11-18,0,-0.04621264509201263,-0.004817515232909984,-0.09251509,-0.034434095,0,1,0
2018-11-19,1,0.051711319805845195,0.038536224358457646,0.062632166,0.05378521,1,0,0
2018-11-20,2,-0.12668523638886933,-0.07989826642843173,-0.17400138,-0.12460727,0,1,0
2018-11-21,2,0.016546017890406814,0.01638705919354364,0.013410485,0.020827634,0,0,1
2018-11-22,1,0.005454046903598981,0.014065763515761363,-0.007151425,0.010141392,0,0,1
2018-11-23,2,-0.0994338344329185,-0.06833700203851366,-0.12610681,-0.108182095,0,1,0
2018-11-25,2,0.030251202007209432,0.0019882148710293206,0.06288631,0.027545584,1,0,0
2018-11-26,1,0.0017432891547897564,-0.004575558291872815,0.0078067435,0.002406679,0,0,1
2018-11-27,0,-0.06004544827971238,-0.039053652852970494,-0.082311094,-0.059938546,0,1,0
2018-11-28,0,0.14552095450069405,0.07457728810316404,0.21499564,0.14807081,1,0,0
2018-11-29,1,-0.005690863923095594,0.02513867338270834,-0.046968974,0.009230793,0,0,1
2018-11-30,0,-0.11925496710830011,-0.07861621220264879,-0.15742908,-0.124893636,0,1,0
2018-12-02,2,0.037024996245916986,0.027288131032290504,0.04578346,0.03923294,1,0,0
2018-12-03,2,-0.017261306839290395,0.012521941743187973,-0.05461692,-0.0119136525,0,0,1
2018-12-04,2,-0.009336404122409797,-0.012126396049248646,-0.0006728647,-0.01596915,0,0,1
2018-12-05,0,0.0018349825002090428,0.006634548707050453,-0.00087311224,-0.0015146276,0,0,1
2018-12-06,2,0.0787651535754227,0.027790644239416205,0.13636668,0.075611226,1,0,0
2018-12-07,0,-0.008198805917294525,-7.94088843713279e-06,-0.018052422,-0.0064050797,0,0,1
2018-12-09,1,0.02611126129323723,0.023663296384859065,0.024860632,0.03096353,1,0,0
2018-12-10,1,-0.03914275691923729,-0.04412878870926591,-0.02786869,-0.047013767,0,1,0
2018-12-11,0,-0.05232035276849506,-0.035924563477061855,-0.06564349,-0.057129536,0,1,0
2018-12-12,2,0.08002101945819785,0.05302322315383475,0.10328883,0.085878015,1,0,0
2018-12-13,1,-0.0036465142210427006,-0.009718100189294641,0.002675884,-0.0039976765,0,0,1
2018-12-14,2,-0.11960980713215254,-0.06177815021706931,-0.17728187,-0.12352722,0,1,0
2018-12-16,0,-0.0025326326974276126,-0.00037455123616842166,-0.0015138516,-0.0068159597,0,0,1
2018-12-17,0,0.10531237653548998,0.048095375332047136,0.16480313,0.10611516,1,0,0
2018-12-18,2,0.02394194579456674,0.02713304388063635,0.015102565,0.0314129,1,0,0
2018-12-19,0,0.005457653212924003,0.010728768321187418,-0.0036714636,0.010404748,0,0,1
2018-12-20,1,0.09317222532808034,0.06764482682822928,0.118063696,0.09374528,1,0,0
2018-12-21,2,-0.13118794449076043,-0.08600422526479366,-0.18219893,-0.12457885,0,1,0
2018-12-23,0,-0.0021620640606949608,0.003989781233291724,-0.008245935,-0.0027969815,0,0,1
2018-12-24,2,0.04371929155670824,0.027247759203705802,0.060165294,0.045004252,1,0,0
2018-12-25,1,0.014258966023297544,0.013369584744124785,0.01574466,0.013553386,0,0,1
2018-12-26,0,-0.06105399864730805,-0.05303167567959766,-0.06302003,-0.06920332,0,1,0
2018-12-27,2,0.10934319293341148,0.06971760316369427,0.14769058,0.11157488,1,0,0
2018-12-28,2,-0.008447486979780693,0.010459316033123599,-0.033507526,-0.00032328823,0,0,1
2018-12-30,0,-0.0047359095191200126,-0.002405353770527396,-0.007904755,-0.0037253066,0,0,1
2018-12-31,2,0.0410344491509109,0.02229921472678926,0.06357777,0.036153905,1,0,0
2019-01-01,1,-0.014705685378201208,-0.0014837836327850817,-0.03351807,-0.0074390816,0,0,1
2019-01-02,0,-0.2321628490482513,-0.1494553284630709,-0.3322139,-0.2221519,0,1,0
2019-01-03,2,0.11470255202677383,0.0808164230127526,0.15234452,0.11713708,1,0,0
2019-01-04,2,0.006849096452510155,0.004409741088837036,0.01018706,0.0061565274,0,0,1
2019-01-06,0,0.0005318393102996992,0.015706071803445305,-0.018934947,0.0029893494,0,0,1
2019-01-07,1,0.12388852447622346,0.06496221780784436,0.20059139,0.1086181,1,0,0
2019-01-08,0,-0.03700675200551757,-0.020124924206688006,-0.060126398,-0.029989826,0,1,0
2019-01-09,1,0.10955035463483191,0.08666888895217845,0.13584128,0.106221825,1,0,0
2019-01-10,1,-0.06518759384736426,-0.04024662807064867,-0.096638985,-0.05820884,0,1,0
2019-01-11,2,-0.04025897764283626,-0.038686318920740766,-0.042323753,-0.039788906,0,1,0
2019-01-13,2,-0.031600067176776526,-0.005473859328345118,-0.06781971,-0.022802332,0,1,0
2019-01-14,1,0.016310087766278306,0.011981370174267475,0.022835271,0.014411412,0,0,1
2019-01-15,2,-0.07586295288963753,-0.055372076973302486,-0.10124491,-0.073820345,0,1,0
2019-01-16,2,-0.02316577476635796,-0.014351654700592605,-0.03217967,-0.02484717,0,1,0
2019-01-17,1,-0.00012143112893551135,-0.007262468092699729,0.016158575,-0.009097046,0,0,1
2019-01-18,2,0.014335402482357077,-0.030942379274595387,0.07381154,0.0033784,0,0,1
2019-01-20,2,-0.022586588934321625,0.0037300217099005667,-0.0517341,-0.021886475,0,1,0
2019-01-21,2,0.012792021754580793,0.003933814006657137,0.027327187,0.0069603124,0,0,1
2019-01-22,0,-0.006152113904420847,-0.005560171338571627,-0.0027612387,-0.011167966,0,0,1
2019-01-23,1,0.021416569624867033,0.02318070910487156,0.02155625,0.018841928,1,0,0
2019-01-24,0,-0.09230943504962559,-0.0763147380138895,-0.09718215,-0.10833659,0,1,0
2019-01-25,2,0.11648211769382141,0.09345822419253771,0.13720664,0.12200746,1,0,0
2019-01-27,2,0.03781225845041715,0.009347420969086789,0.07034132,0.033714008,1,0,0
2019-01-28,2,0.03858145718330062,0.01614062862002408,0.059609845,0.03988539,1,0,0
2019-01-29,0,0.0075998940666615195,0.0051472995110611415,0.008980834,0.008914434,0,0,1
2019-01-30,1,0.05716017368641859,0.04703006226350019,0.063994944,0.060921676,1,0,0
2019-01-31,2,-0.03252401783600756,-0.03439790061821036,-0.028955506,-0.035003867,0,1,0
2019-02-01,2,0.006803860207611336,0.006056734282599658,0.0064561125,0.008237198,0,0,1
2019-02-03,1,-0.006119694286642323,-0.0004290618756905522,-0.0142799895,-0.002295982,0,0,1
2019-02-04,1,-0.02396774231010894,-0.01840405295178694,-0.03147057,-0.021006579,0,1,0
2019-02-05,1,-0.047960807391843836,-0.02538755034021182,-0.07573036,-0.04064359,0,1,0
2019-02-06,1,-0.07378298147072543,-0.0431515137855154,-0.10770801,-0.07123624,0,1,0
2019-02-07,1,-0.04430814915859406,-0.02842252725353468,-0.061796527,-0.044179477,0,1,0
2019-02-08,2,-0.037869137876417276,-0.018567316220051113,-0.060616955,-0.036884572,0,1,0
2019-02-10,1,0.03941855160646458,0.003216834628127593,0.08649386,0.031084184,1,0,0
2019-02-11,0,-0.11193628455939074,-0.049429210001417916,-0.18798445,-0.10644859,0,1,0
2019-02-12,1,0.09414736253328326,0.0600175341885922,0.13798507,0.0898748,1,0,0
2019-02-13,0,-0.11058290583662124,-0.07560569614990316,-0.14657937,-0.116749704,0,1,0
2019-02-14,2,0.06474041209633391,0.033814806863574055,0.109748565,0.054065328,1,0,0
2019-02-15,2,-0.009080546242745059,-0.0023216924764512684,-0.013757313,-0.012839495,0,0,1
2019-02-17,0,0.03281181252818972,0.0026141908803650354,0.07537677,0.020808954,1,0,0
2019-02-18,0,0.030665843086167786,0.018178615055139995,0.04721998,0.02599978,1,0,0
2019-02-19,2,0.04825492217699993,0.03040025038967356,0.06499891,0.050100677,1,0,0
2019-02-20,2,0.01954081228681514,0.006501905595662815,0.031664822,0.02051247,0,0,1
2019-02-21,2,0.0011495889795348632,-0.006596744357239661,0.009800649,-0.0005061715,0,0,1
2019-02-22,2,0.001987463959099278,-0.008375164724719433,0.01188283,0.0018587708,0,0,1
2019-02-24,0,0.017529477172767368,0.010549687676553093,0.021885082,0.020569228,0,0,1
2019-02-25,0,0.025258939123842857,0.023374693706655174,0.018428538,0.037313804,1,0,0
2019-02-26,2,0.021583670374010166,0.02841605487639607,0.007209713,0.03250734,1,0,0
2019-02-27,2,-0.018470781309452275,-0.013623244861063961,-0.027179854,-0.012986459,0,0,1
2019-02-28,2,-0.043226553636376855,-0.006643689602017125,-0.090454794,-0.029632367,0,1,0
2019-03-01,2,0.002079728197215943,-0.009974374071067158,0.013604777,0.00329036,0,0,1
2019-03-03,1,-0.007429629062919854,0.011729553795254918,-0.03436426,0.0011579244,0,0,1
2019-03-04,1,-0.061966751480872134,-0.04001500530450207,-0.08805344,-0.05955637,0,1,0
2019-03-05,2,-0.048589535650520724,-0.03234871722303551,-0.06766503,-0.04801047,0,1,0
2019-03-06,1,0.004924861940762407,0.007495201925347096,0.0015063855,0.005410314,0,0,1
2019-03-07,0,-0.20576709263993626,-0.1325191173109139,-0.29741624,-0.20748767,0,1,0
2019-03-08,2,0.06154678766726147,0.04007919942245876,0.09338702,0.058341276,1,0,0
2019-03-10,0,0.010163465752525285,0.0005380711699697997,0.027873147,0.004279622,0,0,1
2019-03-11,0,0.05903931677901331,0.0322357740354587,0.09847626,0.05165815,1,0,0
2019-03-12,0,0.049743350182177716,0.030998241647834174,0.076656274,0.043661322,1,0,0
2019-03-13,1,0.0708044514494944,0.04760583458338825,0.09810273,0.06892263,1,0,0
2019-03-14,0,-0.044335059146203976,-0.025610733491507786,-0.060427237,-0.050043143,0,1,0
2019-03-15,2,0.04246184562558443,0.019005517621188708,0.07111458,0.03864785,1,0,0
2019-03-17,2,-0.0016761838246488949,-0.005115796167748536,0.0041141403,-0.0044485186,0,0,1
2019-03-18,0,0.030442036589576688,0.017853652959843622,0.041981716,0.032511264,1,0,0
2019-03-19,0,0.021013982084618334,0.018978188355378105,0.019279588,0.026020454,1,0,0
2019-03-20,1,0.11550339499139528,0.07386391400650673,0.15305652,0.120354965,1,0,0
2019-03-21,1,-0.07735276997822595,-0.05403816322542031,-0.10396597,-0.07222658,0,1,0
2019-03-22,2,-0.12622893038310842,-0.07724848752629908,-0.17781591,-0.12613493,0,1,0
2019-03-24,0,0.03912295969236358,-0.005418269909791129,0.09152487,0.03214193,1,0,0
2019-03-25,1,0.012629265019848682,0.02132057985736503,-0.0022795533,0.020527301,0,0,1
2019-03-26,1,-0.0692549496836549,-0.04554073418225808,-0.09233053,-0.07163584,0,1,0
2019-03-27,1,-0.04393002130887561,-0.024741694858442683,-0.06448823,-0.04457988,0,1,0
2019-03-28,2,-0.04463476678009294,-0.026065945730922847,-0.063799694,-0.047129598,0,1,0
2019-03-29,2,-0.030201771084655,-0.014129656048445361,-0.045625936,-0.034514423,0,1,0
2019-03-31,1,0.034518116959559766,0.0063245733770748765,0.07871677,0.020263094,1,0,0
2019-04-01,2,-0.02574042223051374,-0.02191456861680269,-0.025106713,-0.032009915,0,1,0
2019-04-02,0,0.01514789899179411,-0.001986550634756612,0.041590475,0.0051685288,0,0,1
2019-04-03,1,0.07923282868546515,0.04956591730165565,0.11519959,0.072225444,1,0,0
2019-04-04,2,-0.037109680151451024,-0.026340114480275616,-0.034027006,-0.05665608,0,1,0
2019-04-05,2,-0.04683465196091501,-0.009494957051925072,-0.07733294,-0.058932986,0,1,0
2019-04-07,0,0.041435342784767806,0.004804506377025675,0.08406626,0.03504135,1,0,0
2019-04-08,2,0.10143927234473417,0.04400316005088033,0.1490864,0.11172404,1,0,0
2019-04-09,2,0.017829260440341593,0.011422508767147347,0.020499857,0.022493,0,0,1
2019-04-10,1,0.004782675815663753,0.01161186756229536,-0.0036206744,0.008182456,0,0,1
2019-04-11,0,-0.011789686651699004,-0.0178921916946576,-0.003013677,-0.016738245,0,0,1
2019-04-12,2,0.06237960251870084,0.04192610058785868,0.06550895,0.08481169,1,0,0
2019-04-14,2,0.004396215524238037,0.0055758066650086835,1.3113013e-06,0.009377599,0,0,1
2019-04-15,1,-0.010587675446835986,0.0015107215306141071,-0.028075071,-0.00082174916,0,0,1
2019-04-16,2,-0.05054613189892518,-0.021928444876859403,-0.081100814,-0.04502776,0,1,0
2019-04-17,1,0.009683223274296337,0.013165723762573007,-0.0020143995,0.02108317,0,0,1
2019-04-18,2,-0.1079203429066067,-0.07018735319069862,-0.14811301,-0.105270475,0,1,0
2019-04-19,2,-0.011823197410835661,0.0069205859306030884,-0.03692372,-0.005524489,0,0,1
2019-04-21,2,0.013123780398742907,0.0037200455980061276,0.023709007,0.012683793,0,0,1
2019-04-22,1,0.0215960256024187,0.016622985867790298,0.024681658,0.024455886,1,0,0
2019-04-23,1,-0.06298251866372302,-0.04066665140590691,-0.08956835,-0.060308017,0,1,0
2019-04-24,1,-0.14042218226299008,-0.08786371229474937,-0.20231993,-0.14111824,0,1,0
2019-04-25,2,-0.030873227438579714,-0.023693328568126927,-0.036244318,-0.03519067,0,1,0
2019-04-26,2,0.02094340751461242,0.010200467093020629,0.040072203,0.014326454,1,0,0
2019-04-28,0,0.036571265700952635,0.008669848247714057,0.08140443,0.022430172,1,0,0
2019-04-29,0,0.061728459318151435,0.04547108340622172,0.084976055,0.055442978,1,0,0
2019-04-30,2,0.06453443030388938,0.03806348460092666,0.097599976,0.05837265,1,0,0
2019-05-01,1,-0.012663944452007992,-0.016105251937584424,-0.004398588,-0.019060876,0,0,1
2019-05-02,0,-0.03455310229724886,-0.03676722406115515,-0.021279009,-0.049865887,0,1,0
2019-05-03,1,0.049893554105350034,0.03481476270649114,0.07021564,0.0423111,1,0,0
2019-05-05,0,0.0006575979970088258,-0.020008811185941108,0.02208333,-0.0017208951,0,0,1
2019-05-06,2,0.020926043863874276,0.020298710465498127,0.013601485,0.032573,1,0,0
2019-05-07,2,-0.02768887842506038,-0.014264515999527496,-0.042837255,-0.024390215,0,1,0
2019-05-08,0,0.003324123269960253,0.010137633488706655,-0.0065343017,0.007841636,0,0,1
2019-05-09,2,0.04148384880644178,0.025138463360749944,0.05463357,0.04540874,1,0,0
2019-05-10,2,0.04085180650559822,0.017179041921238578,0.06013757,0.04508323,1,0,0
2019-05-12,2,-0.004136687506383477,0.0031865441077492214,-0.018695826,0.0069246786,0,0,1
2019-05-13,1,-0.02493517964708075,-0.004471333316057247,-0.053271186,-0.013017798,0,1,0
2019-05-14,2,-0.0622617241419562,-0.034750562766821674,-0.0959859,-0.05465847,0,1,0
2019-05-15,1,-0.015935521100839088,0.004362355149522612,-0.04349936,-0.008591018,0,0,1
2019-05-16,1,-0.07322590909906068,-0.041965265841332276,-0.10868611,-0.07335573,0,1,0
2019-05-17,2,-0.019562033087376758,-0.021562614228661004,-0.012536278,-0.0252657,0,0,1
2019-05-19,2,0.0321718397478444,0.01075092032574693,0.060272824,0.02751114,1,0,0
2019-05-20,2,-0.0029120139987888665,0.003520955677855799,-0.007585133,-0.0060804794,0,0,1
2019-05-21,2,0.010520612428835117,-0.003797582818289068,0.032583617,0.0024447336,0,0,1
2019-05-22,0,-0.013228345427360766,-0.011694540121083551,-0.01008603,-0.019514006,0,0,1
2019-05-23,0,0.06160505373596024,0.0369422802665477,0.08996142,0.05837355,1,0,0
2019-05-24,2,0.03142639670550702,0.025019744378953827,0.03590886,0.034204073,1,0,0
2019-05-26,2,-0.0048417147923515685,0.00306245049951583,-0.01390834,-0.0035015184,0,0,1
2019-05-27,1,-0.0255697570082062,-0.01644352096969692,-0.032967806,-0.028369118,0,1,0
2019-05-28,1,-0.03644169694611255,-0.031806043475700506,-0.03645287,-0.042970587,0,1,0
2019-05-29,2,-0.04138026661259288,-0.04106626328777542,-0.036750626,-0.048107218,0,1,0
2019-05-30,0,0.012237875929564511,-0.009448784414335212,0.042123675,0.0014662717,0,0,1
2019-05-31,2,0.07017603491369234,0.050297667664531524,0.09116898,0.06786467,1,0,0
2019-06-02,0,0.01906177879656538,0.0073471457848114765,0.029192515,0.020435385,0,0,1
2019-06-03,2,0.11374351654898494,0.08757953196797937,0.12767254,0.12847276,1,0,0
2019-06-04,1,-0.006110908361348619,0.009054952685786528,-0.027768303,0.005113855,0,0,1
2019-06-05,0,-0.055192900427481206,-0.029356306262361718,-0.085468635,-0.047513492,0,1,0
2019-06-06,0,0.06486850569693224,0.05414151676562567,0.066517204,0.076902136,1,0,0
2019-06-07,2,0.07841635448834829,0.06303006525192979,0.08444562,0.09025947,1,0,0
2019-06-09,2,-0.04221715120444316,-0.015401350753623116,-0.07666054,-0.0315765,0,1,0
2019-06-10,2,-0.015702933869527296,-0.0012219295292107304,-0.035036705,-0.0101027675,0,0,1
2019-06-11,1,0.01211305042832951,0.012348314014679136,0.009978176,0.0144731,0,0,1
2019-06-12,2,-0.0556338243413484,-0.0402152079165898,-0.07226553,-0.055416334,0,1,0
2019-06-13,1,-0.014586351573169396,-0.014406736596323909,-0.014518661,-0.014908326,0,0,1
2019-06-14,2,-0.10906050325272455,-0.08725495519096219,-0.13495904,-0.10703193,0,1,0
2019-06-16,2,0.017705373809949812,0.01272918837010966,0.024026657,0.01687677,0,0,1
2019-06-17,1,-3.949556968604149e-05,0.010479965580161585,-0.015108359,0.0036313087,0,0,1
2019-06-18,0,-0.04319759683926885,-0.031996305366193495,-0.053127233,-0.04688202,0,1,0
2019-06-19,0,0.038817225482716176,0.04580354993856409,0.029944567,0.03948508,1,0,0
2019-06-20,0,0.0967782572954312,0.06683619648766152,0.13318893,0.09473577,1,0,0
2019-06-21,2,0.11882617021484478,0.0779942572197445,0.16395599,0.117222436,1,0,0
2019-06-23,2,0.0027341989976571953,0.017264030498979857,-0.018220246,0.009896027,0,0,1
2019-06-24,1,-0.003031239419431677,0.014025980970529027,-0.027247105,0.0038219278,0,0,1
2019-06-25,2,-0.03855792624743245,-0.03111605171940742,-0.04646546,-0.039055493,0,1,0
2019-06-26,2,0.009266834699680914,0.005497816287654039,0.013691208,0.009039194,0,0,1
2019-06-27,2,-0.007005866984456702,-0.0024244617767421473,-0.012267788,-0.006871773,0,0,1
2019-06-28,2,0.010136531250160468,-0.003057696169462645,0.027655981,0.0067389123,0,0,1
2019-06-30,1,-0.00763404654286092,-0.008201042299297604,-0.0066004186,-0.008132956,0,0,1
2019-07-01,2,-0.08332394312013387,-0.07836588177074716,-0.083148316,-0.0901277,0,1,0
2019-07-02,2,-9.166722010040181e-05,0.003983735820452566,-0.005915581,0.0015136463,0,0,1
2019-07-03,2,-0.010660673002104482,-0.0034592853991399627,-0.020177266,-0.008908676,0,0,1
2019-07-04,1,0.004667169823381755,-0.0022593004432251216,0.013684976,0.0031488382,0,0,1
2019-07-05,2,-0.11453568702798342,-0.07129423805332843,-0.16887482,-0.1099399,0,1,0
2019-07-07,2,-0.015153660246594772,0.003911500896149987,-0.038595904,-0.0156048015,0,0,1
2019-07-08,2,-0.043353767230567344,-0.013774472721622485,-0.07888205,-0.047195017,0,1,0
2019-07-09,0,-0.01206448173572686,-0.012972752632121312,1.4662635e-05,-0.023894338,0,0,1
2019-07-10,2,0.1075262711347809,0.06411077854124365,0.17307985,0.09579364,1,0,0
2019-07-11,0,0.01514766871994265,-0.009715228325874443,0.055607963,0.0011575673,0,0,1
2019-07-12,2,0.04427905126852659,0.022990330729066442,0.07358164,0.036795843,1,0,0
2019-07-14,2,0.014542531117685118,0.0014282189235491143,0.03399577,0.007148286,0,0,1
2019-07-15,1,-0.006492244645674505,-0.012794087256862872,0.004994535,-0.013246565,0,0,1
2019-07-16,0,-0.07063630812145649,-0.05657328981302421,-0.06886688,-0.0930829,0,1,0
2019-07-17,0,0.06623896455429282,0.018898933745273044,0.1198067,0.05612484,1,0,0
2019-07-18,1,0.05430651681200194,0.03929630181932875,0.06103518,0.06496663,1,0,0
2019-07-19,2,-0.06792597371299038,-0.04896165682353889,-0.07552837,-0.082820624,0,1,0
2019-07-21,2,-0.0010320879714515625,-0.0020141798915277306,0.0027593416,-0.0053464985,0,0,1
2019-07-22,1,0.007407051179295897,-0.01613757793571045,0.032872275,0.0013134195,0,0,1
2019-07-23,2,-0.0971435949607386,-0.06754689735752412,-0.11437994,-0.11231263,0,1,0
2019-07-24,2,-0.010728715428660848,-0.011725297141048932,-0.00865198,-0.012516421,0,0,1
2019-07-25,1,0.009952555088793131,0.003799993640589278,0.012864338,0.014298367,0,0,1
2019-07-26,2,-0.06631017818006267,-0.026850006000229288,-0.103313565,-0.06753691,0,1,0
2019-07-28,2,0.015059570110491232,0.006509187522924034,0.026273508,0.010837742,0,0,1
2019-07-29,0,0.014325326880772387,0.017112866585174392,0.011532664,0.014423985,0,0,1
2019-07-30,1,0.027217469808587424,0.019024162986654332,0.03438112,0.028462375,1,0,0
2019-07-31,2,-0.16049310660133548,-0.11732741077856965,-0.18832043,-0.18402097,0,1,0
2019-08-01,0,0.04188509556555289,0.010591203408257678,0.07689673,0.03627853,1,0,0
2019-08-02,2,0.04529846967523202,0.03811843869524064,0.046381917,0.054564487,1,0,0
2019-08-04,0,-0.013754457215187943,0.0025410414174574457,-0.029383494,-0.014247341,0,0,1
2019-08-05,1,0.26100185780613483,0.17073146371955386,0.3131508,0.3098685,1,0,0
2019-08-06,2,-0.06383756279885386,-0.043596360789210954,-0.081528954,-0.063984655,0,1,0
2019-08-07,1,-0.007401169194124207,-0.0019492824289204175,-0.021964949,0.007117275,0,0,1
2019-08-08,2,-0.02256559273182366,-0.022140843508365704,-0.025514161,-0.018775688,0,1,0
2019-08-09,2,0.0056434959657168165,0.01330948339897555,-0.008773976,0.016297916,0,0,1
2019-08-11,2,0.0020300715958073952,0.012661750362710252,-0.015574289,0.012669315,0,0,1
2019-08-12,1,0.007807930045221371,0.010673246896048113,-0.0038821257,0.020120332,0,0,1
2019-08-13,1,-0.08667738294649484,-0.04929878818114348,-0.13263118,-0.07627225,0,1,0
2019-08-14,1,-0.07514948385857897,-0.04357384092044606,-0.11406496,-0.06992076,0,1,0
2019-08-15,1,-0.07131581693398023,-0.043992707787529256,-0.10641842,-0.06774986,0,1,0
2019-08-16,2,0.0009485154380089543,-0.028658957954664575,0.0414561,-0.006102188,0,0,1
2019-08-18,2,0.0011417751549585252,0.002854692974214043,-0.0007169432,0.0010371788,0,0,1
2019-08-19,0,-0.03180299366519637,-0.014975283483177886,-0.050669096,-0.03253933,0,1,0
2019-08-20,2,0.03374903439772793,0.022543260207707243,0.048677944,0.031400423,1,0,0
2019-08-21,2,-0.07079277743785796,-0.009903380416069026,-0.15262893,-0.062669985,0,1,0
2019-08-22,0,0.023397230904757087,-0.009145875888647367,0.07782155,0.007862334,1,0,0
2019-08-23,2,0.11663275149968906,0.07260682957306887,0.17740157,0.1038632,1,0,0
2019-08-25,1,0.030042950816275314,0.009741195452883577,0.058193613,0.021349495,1,0,0
2019-08-26,2,-0.07335787950231926,-0.05704810193141839,-0.089027934,-0.07548536,0,1,0
2019-08-27,2,-0.011771264863797308,-0.016824177651990894,0.00089105,-0.021655723,0,0,1
2019-08-28,1,-0.002217485601087115,-0.0052934166130815105,0.02140924,-0.030999206,0,0,1
2019-08-29,1,-0.024358022775189767,-0.03869353792277514,0.012732757,-0.058437884,0,1,0
2019-08-30,2,-0.12945350037808306,-0.11137443407849511,-0.1331549,-0.15162224,0,1,0
2019-09-01,1,0.028957441956638477,0.00404544637055524,0.06473592,0.009980419,1,0,0
2019-09-02,2,-0.04435836321996196,-0.04447397613118727,-0.034268524,-0.061268892,0,1,0
2019-09-03,0,0.017235347397232877,0.014427763276466601,0.017750103,0.02081911,0,0,1
2019-09-04,2,0.13909896054117288,0.10082289266011275,0.16105422,0.16041735,1,0,0
2019-09-05,2,-0.01287889066079526,-0.0011450712010546867,-0.029773775,-0.0018751309,0,0,1
2019-09-06,2,-0.01897857566550594,-0.01406351551676918,-0.029576559,-0.00883507,0,0,1
2019-09-08,0,-0.011033045617769705,-0.007769062310060879,-0.02120345,0.00054797414,0,0,1
2019-09-09,2,0.024354760669616657,0.04143019900610927,0.00077051035,0.03609699,1,0,0
2019-09-10,1,0.0018453605284501457,0.0048276022766666725,-0.0030604296,0.0049537304,0,0,1
2019-09-11,0,-0.05708368603979665,-0.056795823224824675,-0.0580024,-0.056107063,0,1,0
2019-09-12,0,0.09031030975178675,0.06565626385532311,0.09702707,0.115780964,1,0,0
2019-09-13,0,0.013132455073885994,0.021460588005118842,-0.002858369,0.02503376,0,0,1
2019-09-15,1,0.016459003083725183,0.01782801222685458,0.008779733,0.025634538,0,0,1
2019-09-16,0,-0.1365866490118063,-0.12216026502819716,-0.1525316,-0.13418181,0,1,0
2019-09-17,1,0.12866440943059096,0.10822896529335288,0.14344646,0.13622116,1,0,0
2019-09-18,0,-0.09042575189089741,-0.06714483867372432,-0.117217846,-0.08529602,0,1,0
2019-09-19,1,0.018621360936480643,0.023766246417083553,0.0054086545,0.02936617,0,0,1
2019-09-20,2,-0.09489071729544998,-0.043080374107540044,-0.15945187,-0.08504237,0,1,0
2019-09-22,1,0.003039814807961884,0.0025277695148442003,0.0032409306,0.003530937,0,0,1
2019-09-23,0,-0.04719254432786477,-0.039746428454549294,-0.056182466,-0.046880893,0,1,0
2019-09-24,1,0.04381355395084223,0.03178782598906717,0.0591714,0.042170763,1,0,0
2019-09-25,1,-0.146902625589731,-0.10489926696243233,-0.20614329,-0.13676529,0,1,0
2019-09-26,0,-0.05651104845634105,-0.0524985662699611,-0.0669826,-0.050342593,0,1,0
2019-09-27,2,0.061315930983455606,0.0268317470052302,0.11919369,0.04301955,1,0,0
2019-09-29,1,0.002350422896189661,0.010097377309715203,-0.007999983,0.0037536416,0,0,1
2019-09-30,0,-0.08540637887219871,-0.08024765162841757,-0.103633694,-0.07097904,0,1,0
2019-10-01,0,0.08710713961090072,0.06551260652524456,0.13818961,0.05557075,1,0,0
2019-10-02,0,0.1163035913973298,0.04750714447560886,0.21277177,0.08311538,1,0,0
2019-10-03,2,-0.006468673010384812,0.024009542239160173,-0.03507103,-0.0090646865,0,0,1
2019-10-04,2,0.03507033023012144,0.002743539470492196,0.077120125,0.020280266,1,0,0
2019-10-06,1,0.008396761121917286,0.012167330832869496,0.0063061537,0.006104041,0,0,1
2019-10-07,1,-0.01171356259952827,-0.019844475316882115,-0.005652758,-0.009162792,0,0,1
2019-10-08,0,-0.029869961167224974,-0.02040453218096757,-0.04190567,-0.025369992,0,1,0
2019-10-09,0,0.06154237678444966,0.041804953493366985,0.07537147,0.06891996,1,0,0
2019-10-10,0,0.03214149800928179,0.04316681031620502,0.015976628,0.04063906,1,0,0
2019-10-11,2,0.06212232027634389,0.03499398496541192,0.08727953,0.06244213,1,0,0
2019-10-13,2,-0.015287391286984328,-0.007463884529897488,-0.030125692,-0.0039666784,0,0,1
2019-10-14,2,-0.029675417105823575,-0.0037396030919365606,-0.06420428,-0.015928693,0,1,0
2019-10-15,0,0.0015768060758315446,0.013077319399020697,-0.020612767,0.016114352,0,0,1
2019-10-16,0,0.08917351728539567,0.058797657877833774,0.111958444,0.09933516,1,0,0
2019-10-17,0,0.06795895453737667,0.07115311874059106,0.05448457,0.081863664,1,0,0
2019-10-18,1,0.058719025495150325,0.06032722939174536,0.05258625,0.06469916,1,0,0
2019-10-20,2,-0.037264947592279156,-0.018785568866526266,-0.058335077,-0.034268588,0,1,0
2019-10-21,1,-0.013487455725841944,-0.0056859246712173085,-0.022348627,-0.012574243,0,0,1
2019-10-22,2,-0.04630802699309671,-0.03008691566184101,-0.06430172,-0.045523502,0,1,0
2019-10-23,1,0.009424246663444429,0.004412832051355093,0.016117519,0.007843765,0,0,1
2019-10-24,1,-0.04857390653785283,-0.03948200100006324,-0.057272173,-0.050042894,0,1,0
2019-10-25,2,-0.05452811616573184,-0.03465468382345077,-0.083538,-0.046356007,0,1,0
2019-10-27,0,0.0007056872726972755,0.007133244721490827,-0.009716837,0.004232497,0,0,1
2019-10-28,0,0.019364067301571374,0.02038571158080833,0.018194212,0.019332089,0,0,1
2019-10-29,0,0.03070339111594577,0.01927316811348521,0.046562854,0.02756298,1,0,0
2019-10-30,2,0.07348315108961007,0.05388056603129604,0.09651338,0.07210677,1,0,0
2019-10-31,2,0.002992265579409036,0.005217418707020557,-0.00017841262,0.0038911593,0,0,1
2019-11-01,2,-0.0031543248578137363,0.010366571214518158,-0.02179735,0.0011364913,0,0,1
2019-11-03,1,-0.019168729950200712,0.0025762649643807554,-0.05020276,-0.012476889,0,0,1
2019-11-04,1,-0.08763630129024808,-0.05024071696693783,-0.13856363,-0.08297837,0,1,0
2019-11-05,2,-0.0933906630680954,-0.07572209462336946,-0.10320049,-0.108308755,0,1,0
2019-11-06,1,0.005502919327307684,-0.005381482474616476,0.030173497,-0.0060200333,0,0,1
2019-11-07,1,-0.014326868888172905,-0.02612852592398058,0.01098042,-0.02625943,0,0,1
2019-11-08,2,-0.05977975597471322,-0.05341905005636827,-0.064671725,-0.063446015,0,1,0
2019-11-10,0,0.04200264088162714,0.0067862415224468455,0.097747445,0.025823101,1,0,0
2019-11-11,1,0.05368352349708281,0.0202104064667149,0.102127574,0.03879453,1,0,0
2019-11-12,2,-0.03835949745654487,-0.035584042445924904,-0.03866746,-0.041945014,0,1,0
2019-11-13,2,0.003415362009219429,-0.003739212480522911,0.016618162,-0.004328067,0,0,1
2019-11-14,0,0.02642855876316356,0.016195806036428725,0.051803727,0.005347591,1,0,0
2019-11-15,2,0.04979292837565062,0.045973755598727524,0.066284396,0.031069623,1,0,0
2019-11-17,0,0.015011408770868392,0.0068749439248405805,0.037039176,-0.00666036,0,0,1
2019-11-18,2,0.03864533328543592,0.02714693543032112,0.056241028,0.027928561,1,0,0
2019-11-19,2,0.012702095458299298,0.00836206773816077,0.022485306,0.0032933305,0,0,1
2019-11-20,1,0.021352899855336584,-8.395171058977638e-06,0.04191827,0.019095168,1,0,0
2019-11-21,1,0.0025619233691334237,-0.018074721433437187,0.015317073,0.011199822,0,0,1
2019-11-22,2,-0.09994311655296362,-0.07290256113848188,-0.124026746,-0.09918007,0,1,0
2019-11-24,1,0.018181326405042792,0.007222251419558943,0.024512654,0.023805745,0,0,1
2019-11-25,0,-0.0071963602713755225,-0.019255055155693,0.002146918,-0.00526159,0,0,1
2019-11-26,1,0.01745180136617223,0.018369879240960715,0.00835424,0.031104984,0,0,1
2019-11-27,2,-0.04622481123744953,-0.027463645153193342,-0.065426216,-0.04213188,0,1,0
2019-11-28,2,0.025272107614643317,0.010433794508727346,0.036331184,0.028769135,1,0,0
2019-11-29,2,0.0044499222518056235,0.005860531406597277,-0.003511866,0.015094228,0,0,1
2019-12-01,0,-0.003079688362448704,0.005045293369700834,-0.016678788,0.0066874037,0,0,1
2019-12-02,2,0.0855997032515069,0.08764923299362429,0.075872265,0.09752201,1,0,0
2019-12-03,2,-0.007823301763877147,0.008131110156511816,-0.03011525,0.0030008783,0,0,1
2019-12-04,0,-0.018523024325150156,0.00122957140692203,-0.044864044,-0.008512746,0,0,1
2019-12-05,1,0.02625543261447863,0.029798032082714792,0.016386226,0.034998875,1,0,0
2019-12-06,2,-0.10068507995876783,-0.0715676659258996,-0.13348508,-0.09754415,0,1,0
2019-12-08,2,0.019741077753047415,0.005860362717806092,0.038552195,0.0142759215,0,0,1
2019-12-09,0,0.030804258748234063,0.008984626767979188,0.05484394,0.02838115,1,0,0
2019-12-10,0,0.040854668040807805,0.04041783440328676,0.033066742,0.052226406,1,0,0
2019-12-11,0,0.06780013873566296,0.055317818853618014,0.0719537,0.07911347,1,0,0
2019-12-12,1,0.07568830104446694,0.0658422964197499,0.075287,0.08931152,1,0,0
2019-12-13,2,-0.11874725172371282,-0.08652737970606575,-0.1534722,-0.115993716,0,1,0
2019-12-15,2,0.00311292650586157,0.009186731658478338,-0.007997219,0.009123068,0,0,1
2019-12-16,0,0.014480853216134725,0.015151728152121235,0.009599006,0.019741248,0,0,1
2019-12-17,1,0.021847054737576345,0.020957432112172294,0.019294905,0.026237395,1,0,0
2019-12-18,2,-0.09006214717292878,-0.048229122132081574,-0.13995907,-0.086540304,0,1,0
2019-12-19,1,0.015842951753424567,0.01059135773836623,0.0244168,0.012940713,0,0,1
2019-12-20,2,-0.08513020527006433,-0.0647702382580465,-0.10243275,-0.09318947,0,1,0
2019-12-22,2,0.0033784037836702076,0.004906080930613202,0.0061162445,-0.0020705424,0,0,1
2019-12-23,2,0.0540965775801652,0.01652857701138078,0.105214104,0.04438547,1,0,0
2019-12-24,2,-0.004702040792773824,-0.006199424926346184,0.0015794672,-0.01063149,0,0,1
2019-12-25,2,0.01882421856476696,0.010168801069682354,0.032817826,0.012792194,0,0,1
2019-12-26,0,0.010405454595254326,0.009677697459702747,0.01585496,0.004236889,0,0,1
2019-12-27,2,0.11794001675108715,0.09367797427163306,0.14189194,0.119535096,1,0,0
2019-12-29,0,-0.009387359655998252,0.01266313277366115,-0.037450608,-0.0024606436,0,0,1
2019-12-30,0,0.06574374555658012,0.024840620788080543,0.10921326,0.063374825,1,0,0
